-1.98668 0.71 0.71 2 41 1
-1.98473 0.708528 0.708528 2 41 1
-1.98326 0.707436 0.707436 2 41 1
-1.98104 0.705816 0.705816 2 41 1
-1.97765 0.703425 0.703425 2 41 1
-1.97248 0.699927 0.699927 2 41 1
-1.9645 0.694862 0.694862 2 41 1
-1.95362 0.688503 0.688503 2 41 1
-1.94236 0.682467 0.682467 2 41 1
-1.93073 0.676723 0.676723 2 41 1
-1.91877 0.671246 0.671246 2 41 1
-1.90649 0.666012 0.666012 2 41 1
-1.89392 0.661004 0.661004 2 41 1
-1.88107 0.656202 0.656202 2 41 1
-1.86796 0.65159 0.65159 2 41 1
-1.8546 0.647155 0.647155 2 41 1
-1.84101 0.642886 0.642886 2 41 1
-1.8272 0.638769 0.638769 2 41 1
-1.81317 0.634796 0.634796 2 41 1
-1.79895 0.630957 0.630957 2 41 1
-1.78453 0.627242 0.627242 2 41 1
-1.76993 0.623646 0.623646 2 41 1
-1.75516 0.620161 0.620161 2 41 1
-1.74021 0.616781 0.616781 2 41 1
-1.72511 0.613499 0.613499 2 41 1
-1.70985 0.610312 0.610312 2 41 1
-1.69444 0.607212 0.607212 2 41 1
-1.67889 0.604197 0.604197 2 41 1
-1.6632 0.601261 0.601261 2 41 1
-1.64738 0.598402 0.598402 2 41 1
-1.63143 0.595614 0.595614 2 41 1
-1.61535 0.592896 0.592896 2 41 1
-1.59915 0.590243 0.590243 2 41 1
-1.58284 0.587652 0.587652 2 41 1
-1.56641 0.585122 0.585122 2 41 1
-1.54988 0.582649 0.582649 2 41 1
-1.53324 0.580232 0.580232 2 41 1
-1.51649 0.577866 0.577866 2 41 1
-1.49964 0.575552 0.575552 2 41 1
-1.4827 0.573286 0.573286 2 41 1
-1.46566 0.571067 0.571067 2 41 1
-1.44853 0.568892 0.568892 2 41 1
-1.43131 0.566761 0.566761 2 41 1
-1.41401 0.564671 0.564671 2 41 1
-1.39661 0.562622 0.562622 2 41 1
-1.37914 0.560611 0.560611 2 41 1
-1.36158 0.558638 0.558638 2 41 1
-1.34394 0.5567 0.5567 2 41 1
-1.32623 0.554797 0.554797 2 41 1
-1.30844 0.552928 0.552928 2 41 1
-1.29057 0.551092 0.551092 2 41 1
-1.27264 0.549287 0.549287 2 41 1
-1.25463 0.547513 0.547513 2 41 1
-1.23655 0.545768 0.545768 2 41 1
-1.21841 0.544051 0.544051 2 41 1
-1.2002 0.542363 0.542363 2 41 1
-1.18193 0.540701 0.540701 2 41 1
-1.16359 0.539065 0.539065 2 41 1
-1.14519 0.537455 0.537455 2 41 1
-1.12672 0.53587 0.53587 2 41 1
-1.1082 0.534308 0.534308 2 41 1
-1.08962 0.532769 0.532769 2 41 1
-1.07098 0.531254 0.531254 2 41 1
-1.05228 0.52976 0.52976 2 41 1
-1.03353 0.528287 0.528287 2 41 1
-1.01473 0.526836 0.526836 2 41 1
-0.995866 0.525405 0.525405 2 41 1
-0.976953 0.523993 0.523993 2 41 1
-0.957988 0.522601 0.522601 2 41 1
-0.938973 0.521227 0.521227 2 41 1
-0.919907 0.519872 0.519872 2 41 1
-0.900792 0.518535 0.518535 2 41 1
-0.881629 0.517215 0.517215 2 41 1
-0.862417 0.515912 0.515912 2 41 1
-0.843159 0.514626 0.514626 2 41 1
-0.823855 0.513355 0.513355 2 41 1
-0.804505 0.512101 0.512101 2 41 1
-0.78511 0.510862 0.510862 2 41 1
-0.765671 0.509638 0.509638 2 41 1
-0.746189 0.508429 0.508429 2 41 1
-0.726664 0.507235 0.507235 2 41 1
-0.707097 0.506054 0.506054 2 41 1
-0.687488 0.504888 0.504888 2 41 1
-0.667838 0.503734 0.503734 2 41 1
-0.648148 0.502594 0.502594 2 41 1
-0.628418 0.501467 0.501467 2 41 1
-0.608649 0.500353 0.500353 2 41 1
-0.588841 0.499251 0.499251 2 41 1
-0.568995 0.498161 0.498161 2 41 1
-0.549111 0.497083 0.497083 2 41 1
-0.52919 0.496017 0.496017 2 41 1
-0.509233 0.494962 0.494962 2 41 1
-0.489239 0.493918 0.493918 2 41 1
-0.469209 0.492886 0.492886 2 41 1
-0.449145 0.491864 0.491864 2 41 1
-0.429045 0.490852 0.490852 2 41 1
-0.408911 0.489851 0.489851 2 41 1
-0.388743 0.48886 0.48886 2 41 1
-0.368541 0.487879 0.487879 2 41 1
-0.348307 0.486908 0.486908 2 41 1
-0.32804 0.485947 0.485947 2 41 1
-0.30774 0.484995 0.484995 2 41 1
-0.287408 0.484052 0.484052 2 41 1
-0.267045 0.483118 0.483118 2 41 1
-0.24665 0.482193 0.482193 2 41 1
-0.226225 0.481277 0.481277 2 41 1
-0.205769 0.480369 0.480369 2 41 1
-0.185283 0.47947 0.47947 2 41 1
-0.164768 0.47858 0.47858 2 41 1
-0.144222 0.477697 0.477697 2 41 1
-0.123648 0.476823 0.476823 2 41 1
-0.103045 0.475956 0.475956 2 41 1
-0.0824131 0.475097 0.475097 2 41 1
-0.0617531 0.474246 0.474246 2 41 1
-0.0410653 0.473403 0.473403 2 41 1
-0.0203499 0.472566 0.472566 2 41 1
0.000392922 0.471737 0.471737 2 41 1
0.0211628 0.470915 0.470915 2 41 1
0.0419593 0.470101 0.470101 2 41 1
0.0627823 0.469293 0.469293 2 41 1
0.0836316 0.468492 0.468492 2 41 1
0.104507 0.467697 0.467697 2 41 1
0.125408 0.46691 0.46691 2 41 1
0.146334 0.466129 0.466129 2 41 1
0.167285 0.465354 0.465354 2 41 1
0.188262 0.464585 0.464585 2 41 1
0.209263 0.463823 0.463823 2 41 1
0.230289 0.463067 0.463067 2 41 1
0.251338 0.462317 0.462317 2 41 1
0.272412 0.461573 0.461573 2 41 1
0.293509 0.460834 0.460834 2 41 1
0.314631 0.460102 0.460102 2 41 1
0.335775 0.459375 0.459375 2 41 1
0.356942 0.458654 0.458654 2 41 1
0.378133 0.457938 0.457938 2 41 1
0.399346 0.457228 0.457228 2 41 1
0.420581 0.456523 0.456523 2 41 1
0.441839 0.455824 0.455824 2 41 1
0.463119 0.455129 0.455129 2 41 1
0.48442 0.45444 0.45444 2 41 1
0.505744 0.453756 0.453756 2 41 1
0.527089 0.453077 0.453077 2 41 1
0.548455 0.452403 0.452403 2 41 1
0.569842 0.451734 0.451734 2 41 1
0.59125 0.451069 0.451069 2 41 1
0.612679 0.450409 0.450409 2 41 1
0.634129 0.449754 0.449754 2 41 1
0.655599 0.449104 0.449104 2 41 1
0.677089 0.448458 0.448458 2 41 1
0.698599 0.447817 0.447817 2 41 1
0.72013 0.44718 0.44718 2 41 1
0.74168 0.446548 0.446548 2 41 1
0.763249 0.44592 0.44592 2 41 1
0.784838 0.445296 0.445296 2 41 1
0.806446 0.444676 0.444676 2 41 1
0.828074 0.444061 0.444061 2 41 1
0.84972 0.44345 0.44345 2 41 1
0.871385 0.442842 0.442842 2 41 1
0.893069 0.442239 0.442239 2 41 1
0.914771 0.44164 0.44164 2 41 1
0.936492 0.441045 0.441045 2 41 1
0.958231 0.440453 0.440453 2 41 1
0.979988 0.439866 0.439866 2 41 1
1.00176 0.439282 0.439282 2 41 1
1.02356 0.438702 0.438702 2 41 1
1.04537 0.438126 0.438126 2 41 1
1.06719 0.437553 0.437553 2 41 1
1.08904 0.436984 0.436984 2 41 1
1.1109 0.436418 0.436418 2 41 1
1.13278 0.435856 0.435856 2 41 1
1.15468 0.435298 0.435298 2 41 1
1.17659 0.434743 0.434743 2 41 1
1.19852 0.434191 0.434191 2 41 1
1.22047 0.433643 0.433643 2 41 1
1.24243 0.433098 0.433098 2 41 1
1.26442 0.432556 0.432556 2 41 1
1.28641 0.432018 0.432018 2 41 1
1.30842 0.431483 0.431483 2 41 1
1.33045 0.430951 0.430951 2 41 1
1.3525 0.430422 0.430422 2 41 1
1.37456 0.429896 0.429896 2 41 1
1.39664 0.429374 0.429374 2 41 1
1.41873 0.428854 0.428854 2 41 1
1.44084 0.428338 0.428338 2 41 1
1.46296 0.427824 0.427824 2 41 1
1.4851 0.427313 0.427313 2 41 1
1.50725 0.426806 0.426806 2 41 1
1.52942 0.426301 0.426301 2 41 1
1.5516 0.425799 0.425799 2 41 1
1.5738 0.4253 0.4253 2 41 1
1.59602 0.424804 0.424804 2 41 1
1.61824 0.42431 0.42431 2 41 1
1.64049 0.423819 0.423819 2 41 1
1.66275 0.423331 0.423331 2 41 1
1.68502 0.422846 0.422846 2 41 1
1.7073 0.422363 0.422363 2 41 1
1.7296 0.421883 0.421883 2 41 1
1.75192 0.421406 0.421406 2 41 1
1.77425 0.420931 0.420931 2 41 1
1.79659 0.420459 0.420459 2 41 1
1.81895 0.419989 0.419989 2 41 1
1.84132 0.419522 0.419522 2 41 1
1.8637 0.419057 0.419057 2 41 1
1.8861 0.418594 0.418594 2 41 1
1.90851 0.418135 0.418135 2 41 1
1.93094 0.417677 0.417677 2 41 1
1.95338 0.417222 0.417222 2 41 1
1.97583 0.416769 0.416769 2 41 1
1.99829 0.416319 0.416319 2 41 1
2.02077 0.415871 0.415871 2 41 1
2.04326 0.415425 0.415425 2 41 1
2.06577 0.414982 0.414982 2 41 1
2.08828 0.41454 0.41454 2 41 1
2.11081 0.414101 0.414101 2 41 1
2.13336 0.413665 0.413665 2 41 1
2.15591 0.41323 0.41323 2 41 1
2.17848 0.412798 0.412798 2 41 1
2.20106 0.412367 0.412367 2 41 1
2.22365 0.411939 0.411939 2 41 1
2.24626 0.411513 0.411513 2 41 1
2.26888 0.411089 0.411089 2 41 1
2.29151 0.410667 0.410667 2 41 1
2.31415 0.410248 0.410248 2 41 1
2.33681 0.40983 0.40983 2 41 1
2.35947 0.409414 0.409414 2 41 1
2.38215 0.409 0.409 2 41 1
2.40484 0.408589 0.408589 2 41 1
2.42754 0.408179 0.408179 2 41 1
2.45026 0.407771 0.407771 2 41 1
2.47298 0.407365 0.407365 2 41 1
2.49572 0.406961 0.406961 2 41 1
2.51847 0.406559 0.406559 2 41 1
2.54123 0.406159 0.406159 2 41 1
2.564 0.405761 0.405761 2 41 1
2.58679 0.405364 0.405364 2 41 1
2.60958 0.40497 0.40497 2 41 1
2.63239 0.404577 0.404577 2 41 1
2.65521 0.404186 0.404186 2 41 1
2.67804 0.403797 0.403797 2 41 1
2.70087 0.403409 0.403409 2 41 1
2.72373 0.403023 0.403023 2 41 1
2.74659 0.40264 0.40264 2 41 1
2.76946 0.402257 0.402257 2 41 1
2.79234 0.401877 0.401877 2 41 1
2.81524 0.401498 0.401498 2 41 1
2.83814 0.401121 0.401121 2 41 1
2.86106 0.400746 0.400746 2 41 1
2.88399 0.400372 0.400372 2 41 1
2.90692 0.4 0.4 2 41 1
2.92987 0.399629 0.399629 2 41 1
2.95283 0.39926 0.39926 2 41 1
2.9758 0.398893 0.398893 2 41 1
2.99878 0.398527 0.398527 2 41 1
3.02177 0.398163 0.398163 2 41 1
3.04477 0.397801 0.397801 2 41 1
3.06778 0.39744 0.39744 2 41 1
3.0908 0.397081 0.397081 2 41 1
3.11383 0.396723 0.396723 2 41 1
3.13687 0.396366 0.396366 2 41 1
3.15992 0.396012 0.396012 2 41 1
3.18298 0.395658 0.395658 2 41 1
3.20605 0.395306 0.395306 2 41 1
3.22913 0.394956 0.394956 2 41 1
3.25222 0.394607 0.394607 2 41 1
3.27532 0.39426 0.39426 2 41 1
3.29843 0.393914 0.393914 2 41 1
3.32155 0.393569 0.393569 2 41 1
3.34468 0.393226 0.393226 2 41 1
3.36782 0.392884 0.392884 2 41 1
3.39097 0.392544 0.392544 2 41 1
3.41413 0.392205 0.392205 2 41 1
3.43729 0.391867 0.391867 2 41 1
3.46047 0.391531 0.391531 2 41 1
3.48366 0.391196 0.391196 2 41 1
3.50685 0.390863 0.390863 2 41 1
3.53006 0.39053 0.39053 2 41 1
3.55327 0.3902 0.3902 2 41 1
3.5765 0.38987 0.38987 2 41 1
3.59973 0.389542 0.389542 2 41 1
3.62297 0.389215 0.389215 2 41 1
3.64622 0.388889 0.388889 2 41 1
3.66948 0.388565 0.388565 2 41 1
3.69275 0.388242 0.388242 2 41 1
3.71603 0.38792 0.38792 2 41 1
3.73932 0.387599 0.387599 2 41 1
3.76261 0.38728 0.38728 2 41 1
3.78592 0.386962 0.386962 2 41 1
3.80923 0.386645 0.386645 2 41 1
3.83255 0.386329 0.386329 2 41 1
3.85588 0.386015 0.386015 2 41 1
3.87922 0.385702 0.385702 2 41 1
3.90257 0.38539 0.38539 2 41 1
3.92593 0.385079 0.385079 2 41 1
3.94929 0.384769 0.384769 2 41 1
3.97267 0.38446 0.38446 2 41 1
3.99605 0.384153 0.384153 2 41 1
4.01944 0.383847 0.383847 2 41 1
4.04284 0.383542 0.383542 2 41 1
4.06625 0.383238 0.383238 2 41 1
4.08967 0.382935 0.382935 2 41 1
4.11309 0.382633 0.382633 2 41 1
4.13652 0.382333 0.382333 2 41 1
4.15997 0.382033 0.382033 2 41 1
4.18342 0.381735 0.381735 2 41 1
4.20687 0.381438 0.381438 2 41 1
4.23034 0.381141 0.381141 2 41 1
4.25381 0.380846 0.380846 2 41 1
4.2773 0.380552 0.380552 2 41 1
4.30079 0.380259 0.380259 2 41 1
4.32428 0.379967 0.379967 2 41 1
4.34779 0.379676 0.379676 2 41 1
4.3713 0.379387 0.379387 2 41 1
4.39483 0.379098 0.379098 2 41 1
4.41836 0.37881 0.37881 2 41 1
4.44189 0.378523 0.378523 2 41 1
4.46544 0.378237 0.378237 2 41 1
4.48899 0.377953 0.377953 2 41 1
4.51256 0.377669 0.377669 2 41 1
4.53612 0.377386 0.377386 2 41 1
4.5597 0.377104 0.377104 2 41 1
4.58329 0.376824 0.376824 2 41 1
4.60688 0.376544 0.376544 2 41 1
4.63048 0.376265 0.376265 2 41 1
4.65409 0.375987 0.375987 2 41 1
4.6777 0.37571 0.37571 2 41 1
4.70132 0.375434 0.375434 2 41 1
4.72495 0.375159 0.375159 2 41 1
4.74859 0.374885 0.374885 2 41 1
4.77224 0.374612 0.374612 2 41 1
4.79589 0.37434 0.37434 2 41 1
4.81955 0.374068 0.374068 2 41 1
4.84321 0.373798 0.373798 2 41 1
4.86689 0.373529 0.373529 2 41 1
4.89057 0.37326 0.37326 2 41 1
4.91426 0.372992 0.372992 2 41 1
4.93796 0.372726 0.372726 2 41 1
4.96166 0.37246 0.37246 2 41 1
4.98537 0.372195 0.372195 2 41 1
5.00909 0.371931 0.371931 2 41 1
5.03281 0.371667 0.371667 2 41 1
5.05655 0.371405 0.371405 2 41 1
5.08028 0.371144 0.371144 2 41 1
5.10403 0.370883 0.370883 2 41 1
5.12778 0.370623 0.370623 2 41 1
5.15154 0.370364 0.370364 2 41 1
5.17531 0.370106 0.370106 2 41 1
5.19909 0.369849 0.369849 2 41 1
5.22287 0.369592 0.369592 2 41 1
5.24666 0.369337 0.369337 2 41 1
5.27045 0.369082 0.369082 2 41 1
5.29425 0.368828 0.368828 2 41 1
5.31806 0.368575 0.368575 2 41 1
5.34188 0.368322 0.368322 2 41 1
5.3657 0.368071 0.368071 2 41 1
5.38953 0.36782 0.36782 2 41 1
5.41336 0.36757 0.36757 2 41 1
5.43721 0.367321 0.367321 2 41 1
5.46106 0.367072 0.367072 2 41 1
5.48491 0.366825 0.366825 2 41 1
5.50877 0.366578 0.366578 2 41 1
5.53264 0.366332 0.366332 2 41 1
5.55652 0.366087 0.366087 2 41 1
5.58039 0.365841 0.365841 2 41 1
5.60428 0.365597 0.365597 2 41 1
5.62818 0.365354 0.365354 2 41 1
5.65208 0.365112 0.365112 2 41 1
5.67599 0.364871 0.364871 2 41 1
5.6999 0.36463 0.36463 2 41 1
5.72382 0.36439 0.36439 2 41 1
5.74775 0.36415 0.36415 2 41 1
5.77169 0.363912 0.363912 2 41 1
5.79563 0.363674 0.363674 2 41 1
5.81957 0.363437 0.363437 2 41 1
5.84353 0.3632 0.3632 2 41 1
5.86748 0.362965 0.362965 2 41 1
5.89145 0.36273 0.36273 2 41 1
5.91542 0.362495 0.362495 2 41 1
5.9394 0.362262 0.362262 2 41 1
5.96338 0.362029 0.362029 2 41 1
5.98737 0.361797 0.361797 2 41 1
6.01137 0.361565 0.361565 2 41 1
6.03537 0.361334 0.361334 2 41 1
6.05938 0.361104 0.361104 2 41 1
6.0834 0.360875 0.360875 2 41 1
6.10742 0.360646 0.360646 2 41 1
6.13145 0.360418 0.360418 2 41 1
6.15548 0.36019 0.36019 2 41 1
6.17952 0.359964 0.359964 2 41 1
6.20356 0.359737 0.359737 2 41 1
6.22762 0.359512 0.359512 2 41 1
6.25167 0.359287 0.359287 2 41 1
6.27574 0.359063 0.359063 2 41 1
6.29981 0.358839 0.358839 2 41 1
6.32388 0.358617 0.358617 2 41 1
6.34796 0.358394 0.358394 2 41 1
6.37205 0.358173 0.358173 2 41 1
6.39614 0.357952 0.357952 2 41 1
6.42024 0.357731 0.357731 2 41 1
6.44434 0.357512 0.357512 2 41 1
6.46845 0.357293 0.357293 2 41 1
-1.98668 0.71 0.71 2 41 1
-1.9886 0.71149 0.71149 2 41 1
-1.99003 0.712619 0.712619 2 41 1
-1.99215 0.714334 0.714334 2 41 1
-1.99528 0.716951 0.716951 2 41 1
-1.99986 0.720985 0.720985 2 41 1
-2.00644 0.727296 0.727296 2 41 1
-2.01456 0.73613 0.73613 2 41 1
-2.02197 0.745638 0.745638 2 41 1
-2.02861 0.755922 0.755922 2 41 1
-2.03436 0.767103 0.767103 2 41 1
-2.0391 0.779338 0.779338 2 41 1
-2.04267 0.792819 0.792819 2 41 1
-2.0449 0.807783 0.807783 2 41 1
-2.04555 0.824531 0.824531 2 41 1
-2.04435 0.843434 0.843434 2 41 1
-2.04096 0.864939 0.864939 2 41 1
-2.03503 0.88956 0.88956 2 41 1
-2.02622 0.917823 0.917823 2 41 1
-2.0143 0.950187 0.950187 2 41 1
-1.99928 0.986941 0.986941 2 41 1
-1.98139 1.02824 1.02824 2 41 1
-1.96104 1.07423 1.07423 2 41 1
-1.93865 1.12519 1.12519 2 41 1
-1.91466 1.18155 1.18155 2 41 1
-1.88948 1.24376 1.24376 2 41 1
-1.8636 1.31209 1.31209 2 41 1
-1.83761 1.38637 1.38637 2 41 1
-1.81209 1.46603 1.46603 2 41 1
-1.78754 1.55022 1.55022 2 41 1
-1.76433 1.638 1.638 2 41 1
-1.74263 1.72855 1.72855 2 41 1
-1.7225 1.82118 1.82118 2 41 1
-1.70391 1.91538 1.91538 2 41 1
-1.68677 2.01075 2.01075 2 41 1
-1.67098 2.10702 2.10702 2 41 1
-1.65642 2.20399 2.20399 2 41 1
-1.64297 2.30149 2.30149 2 41 1
-1.63054 2.39941 2.39941 2 41 1
-1.61902 2.49769 2.49769 2 41 1
-1.60832 2.59622 2.59622 2 41 1
-1.59837 2.69497 2.69497 2 41 1
-1.5891 2.7939 2.7939 2 41 1
-1.58043 2.89298 2.89298 2 41 1
-1.57232 2.99218 2.99218 2 41 1
-1.56472 3.09149 3.09149 2 41 1
-1.55758 3.19088 3.19088 2 41 1
-1.55085 3.29035 3.29035 2 41 1
-1.54452 3.38988 3.38988 2 41 1
-1.53854 3.48946 3.48946 2 41 1
-1.53288 3.58909 3.58909 2 41 1
-1.52753 3.68876 3.68876 2 41 1
-1.52245 3.78846 3.78846 2 41 1
-1.51763 3.8882 3.8882 2 41 1
-1.51305 3.98796 3.98796 2 41 1
-1.50869 4.08774 4.08774 2 41 1
-1.50453 4.18755 4.18755 2 41 1
-1.50057 4.28737 4.28737 2 41 1
-1.49678 4.38721 4.38721 2 41 1
-1.49316 4.48706 4.48706 2 41 1
-1.4897 4.58693 4.58693 2 41 1
-1.48638 4.68681 4.68681 2 41 1
-1.4832 4.7867 4.7867 2 41 1
-1.48015 4.88659 4.88659 2 41 1
-1.47723 4.9865 4.9865 2 41 1
-1.47441 5.08641 5.08641 2 41 1
-1.4717 5.18633 5.18633 2 41 1
-1.4691 5.28625 5.28625 2 41 1
-1.46659 5.38619 5.38619 2 41 1
-1.46417 5.48612 5.48612 2 41 1
-1.46184 5.58606 5.58606 2 41 1
-1.45959 5.68601 5.68601 2 41 1
-1.45741 5.78595 5.78595 2 41 1
-1.45531 5.88591 5.88591 2 41 1
-1.45328 5.98586 5.98586 2 41 1
-1.45132 6.08582 6.08582 2 41 1
-1.44942 6.18578 6.18578 2 41 1
-1.44758 6.28574 6.28574 2 41 1
-1.4458 6.38571 6.38571 2 41 1
-1.44407 6.48568 6.48568 2 41 1
-1.44239 6.58565 6.58565 2 41 1
-1.44077 6.68562 6.68562 2 41 1
-1.43919 6.78559 6.78559 2 41 1
-1.43765 6.88556 6.88556 2 41 1
-1.43617 6.98554 6.98554 2 41 1
-1.43472 7.08552 7.08552 2 41 1
-1.43331 7.1855 7.1855 2 41 1
-1.43194 7.28548 7.28548 2 41 1
-1.43061 7.38546 7.38546 2 41 1
-1.42932 7.48544 7.48544 2 41 1
-1.42805 7.58542 7.58542 2 41 1
-1.42682 7.6854 7.6854 2 41 1
-1.42563 7.78539 7.78539 2 41 1
-1.42446 7.88537 7.88537 2 41 1
-1.42332 7.98536 7.98536 2 41 1
-1.42221 8.08535 8.08535 2 41 1
-1.42113 8.18533 8.18533 2 41 1
-1.42007 8.28532 8.28532 2 41 1
-1.41904 8.38531 8.38531 2 41 1
-1.41803 8.4853 8.4853 2 41 1
-1.41704 8.58529 8.58529 2 41 1
-1.41608 8.68528 8.68528 2 41 1
-1.41514 8.78527 8.78527 2 41 1
-1.41422 8.88526 8.88526 2 41 1
-1.41333 8.98525 8.98525 2 41 1
-1.41245 9.08524 9.08524 2 41 1
-1.41159 9.18524 9.18524 2 41 1
-1.41075 9.28523 9.28523 2 41 1
-1.40992 9.38522 9.38522 2 41 1
-1.40912 9.48522 9.48522 2 41 1
-1.40833 9.58521 9.58521 2 41 1
-1.40756 9.6852 9.6852 2 41 1
-1.4068 9.7852 9.7852 2 41 1
-1.40606 9.88519 9.88519 2 41 1
-1.40533 9.98518 9.98518 2 41 1
-1.40462 10.0852 10.0852 2 41 1
-1.40392 10.1852 10.1852 2 41 1
-1.40323 10.2852 10.2852 2 41 1
-1.40256 10.3852 10.3852 2 41 1
-1.4019 10.4852 10.4852 2 41 1
-1.40125 10.5852 10.5852 2 41 1
-1.40062 10.6852 10.6852 2 41 1
-1.4 10.7851 10.7851 2 41 1
-1.39939 10.8851 10.8851 2 41 1
-1.39879 10.9851 10.9851 2 41 1
-1.3982 11.0851 11.0851 2 41 1
-1.39762 11.1851 11.1851 2 41 1
-1.39705 11.2851 11.2851 2 41 1
-1.39649 11.3851 11.3851 2 41 1
-1.39594 11.4851 11.4851 2 41 1
-1.3954 11.5851 11.5851 2 41 1
-1.39487 11.6851 11.6851 2 41 1
-1.39435 11.7851 11.7851 2 41 1
-1.39384 11.8851 11.8851 2 41 1
-1.39333 11.9851 11.9851 2 41 1
-1.39284 12.0851 12.0851 2 41 1
-1.39235 12.1851 12.1851 2 41 1
-1.39187 12.2851 12.2851 2 41 1
-1.3914 12.3851 12.3851 2 41 1
-1.39093 12.4851 12.4851 2 41 1
-1.39048 12.5851 12.5851 2 41 1
-1.39003 12.6851 12.6851 2 41 1
-1.38958 12.7851 12.7851 2 41 1
-1.38915 12.8851 12.8851 2 41 1
-1.38872 12.9851 12.9851 2 41 1
-1.38829 13.0851 13.0851 2 41 1
-1.38788 13.1851 13.1851 2 41 1
-1.38747 13.2851 13.2851 2 41 1
-1.38706 13.3851 13.3851 2 41 1
-1.38667 13.4851 13.4851 2 41 1
-1.38627 13.5851 13.5851 2 41 1
-1.38589 13.6851 13.6851 2 41 1
-1.38551 13.7851 13.7851 2 41 1
-1.38513 13.8851 13.8851 2 41 1
-1.38476 13.9851 13.9851 2 41 1
-1.3844 14.0851 14.0851 2 41 1
-1.38404 14.1851 14.1851 2 41 1
-1.38368 14.2851 14.2851 2 41 1
-1.38333 14.3851 14.3851 2 41 1
-1.38299 14.4851 14.4851 2 41 1
-1.38265 14.5851 14.5851 2 41 1
-1.38231 14.6851 14.6851 2 41 1
-1.38198 14.7851 14.7851 2 41 1
-1.38166 14.8851 14.8851 2 41 1
-1.38133 14.9851 14.9851 2 41 1
-1.38102 15.0851 15.0851 2 41 1
-1.3807 15.1851 15.1851 2 41 1
-1.38039 15.2851 15.2851 2 41 1
-1.38009 15.3851 15.3851 2 41 1
-1.37979 15.4851 15.4851 2 41 1
-1.37949 15.585 15.585 2 41 1
-1.37919 15.685 15.685 2 41 1
-1.3789 15.785 15.785 2 41 1
-1.37862 15.885 15.885 2 41 1
-1.37833 15.985 15.985 2 41 1
-1.37805 16.085 16.085 2 41 1
-1.37778 16.185 16.185 2 41 1
-1.37751 16.285 16.285 2 41 1
-1.37724 16.385 16.385 2 41 1
-1.37697 16.485 16.485 2 41 1
-1.37671 16.585 16.585 2 41 1
-1.37645 16.685 16.685 2 41 1
-1.37619 16.785 16.785 2 41 1
-1.37594 16.885 16.885 2 41 1
-1.37569 16.985 16.985 2 41 1
-1.37544 17.085 17.085 2 41 1
-1.37519 17.185 17.185 2 41 1
-1.37495 17.285 17.285 2 41 1
-1.37471 17.385 17.385 2 41 1
-1.37448 17.485 17.485 2 41 1
-1.37424 17.585 17.585 2 41 1
-1.37401 17.685 17.685 2 41 1
-1.37378 17.785 17.785 2 41 1
-1.37356 17.885 17.885 2 41 1
-1.37333 17.985 17.985 2 41 1
-1.37311 18.085 18.085 2 41 1
-1.37289 18.185 18.185 2 41 1
-1.37268 18.285 18.285 2 41 1
-1.37246 18.385 18.385 2 41 1
-1.37225 18.485 18.485 2 41 1
-1.37204 18.585 18.585 2 41 1
-1.37183 18.685 18.685 2 41 1
-1.37163 18.785 18.785 2 41 1
-1.37143 18.885 18.885 2 41 1
-1.37123 18.985 18.985 2 41 1
-1.37103 19.085 19.085 2 41 1
-1.37083 19.185 19.185 2 41 1
-1.37064 19.285 19.285 2 41 1
-1.37045 19.385 19.385 2 41 1
-1.37026 19.485 19.485 2 41 1
-1.37007 19.585 19.585 2 41 1
-1.36988 19.685 19.685 2 41 1
-1.3697 19.785 19.785 2 41 1
-1.36951 19.885 19.885 2 41 1
-1.36933 19.985 19.985 2 41 1
-1.36915 20.085 20.085 2 41 1
-1.36898 20.185 20.185 2 41 1
-1.3688 20.285 20.285 2 41 1
-1.36863 20.385 20.385 2 41 1
-1.36845 20.485 20.485 2 41 1
-1.36828 20.585 20.585 2 41 1
-1.36811 20.685 20.685 2 41 1
-1.36795 20.785 20.785 2 41 1
-1.36778 20.885 20.885 2 41 1
-1.36762 20.985 20.985 2 41 1
-1.36746 21.085 21.085 2 41 1
-1.36729 21.185 21.185 2 41 1
-1.36714 21.285 21.285 2 41 1
-1.36698 21.385 21.385 2 41 1
-1.36682 21.485 21.485 2 41 1
-1.36667 21.585 21.585 2 41 1
-1.36651 21.685 21.685 2 41 1
-1.36636 21.785 21.785 2 41 1
-1.36621 21.885 21.885 2 41 1
-1.36606 21.985 21.985 2 41 1
-1.36591 22.085 22.085 2 41 1
-1.36577 22.185 22.185 2 41 1
-1.36562 22.285 22.285 2 41 1
-1.36548 22.385 22.385 2 41 1
-1.36533 22.485 22.485 2 41 1
-1.36519 22.585 22.585 2 41 1
-1.36505 22.685 22.685 2 41 1
-1.36491 22.785 22.785 2 41 1
-1.36477 22.885 22.885 2 41 1
-1.36464 22.985 22.985 2 41 1
-1.3645 23.085 23.085 2 41 1
-1.36437 23.185 23.185 2 41 1
-1.36423 23.285 23.285 2 41 1
-1.3641 23.385 23.385 2 41 1
-1.36397 23.485 23.485 2 41 1
-1.36384 23.585 23.585 2 41 1
-1.36371 23.685 23.685 2 41 1
-1.36358 23.785 23.785 2 41 1
-1.36346 23.885 23.885 2 41 1
-1.36333 23.985 23.985 2 41 1
-1.36321 24.085 24.085 2 41 1
-1.36308 24.185 24.185 2 41 1
-1.36296 24.285 24.285 2 41 1
-1.36284 24.385 24.385 2 41 1
-1.36272 24.485 24.485 2 41 1
-1.3626 24.585 24.585 2 41 1
-1.36248 24.685 24.685 2 41 1
-1.36237 24.785 24.785 2 41 1
-1.36225 24.885 24.885 2 41 1
-1.36213 24.985 24.985 2 41 1
-1.36202 25.085 25.085 2 41 1
-1.3619 25.185 25.185 2 41 1
-1.36179 25.285 25.285 2 41 1
-1.36168 25.385 25.385 2 41 1
-1.36157 25.485 25.485 2 41 1
-1.36146 25.585 25.585 2 41 1
-1.36135 25.685 25.685 2 41 1
-1.36124 25.785 25.785 2 41 1
-1.36113 25.885 25.885 2 41 1
-1.36103 25.985 25.985 2 41 1
-1.36092 26.085 26.085 2 41 1
-1.36081 26.185 26.185 2 41 1
-1.36071 26.285 26.285 2 41 1
-1.36061 26.385 26.385 2 41 1
-1.3605 26.485 26.485 2 41 1
-1.3604 26.585 26.585 2 41 1
-1.3603 26.685 26.685 2 41 1
-1.3602 26.785 26.785 2 41 1
-1.3601 26.885 26.885 2 41 1
-1.36 26.985 26.985 2 41 1
-1.3599 27.085 27.085 2 41 1
-1.3598 27.185 27.185 2 41 1
-1.35971 27.285 27.285 2 41 1
-1.35961 27.385 27.385 2 41 1
-1.35952 27.485 27.485 2 41 1
-1.35942 27.585 27.585 2 41 1
-1.35933 27.685 27.685 2 41 1
-1.35923 27.785 27.785 2 41 1
-1.35914 27.885 27.885 2 41 1
-1.35905 27.985 27.985 2 41 1
-1.35896 28.085 28.085 2 41 1
-1.35887 28.185 28.185 2 41 1
-1.35877 28.285 28.285 2 41 1
-1.35869 28.385 28.385 2 41 1
-1.3586 28.485 28.485 2 41 1
-1.35851 28.585 28.585 2 41 1
-1.35842 28.685 28.685 2 41 1
-1.35833 28.785 28.785 2 41 1
-1.35825 28.885 28.885 2 41 1
-1.35816 28.985 28.985 2 41 1
-1.35808 29.085 29.085 2 41 1
-1.35799 29.185 29.185 2 41 1
-1.35791 29.285 29.285 2 41 1
-1.35782 29.385 29.385 2 41 1
-1.35774 29.485 29.485 2 41 1
-1.35766 29.585 29.585 2 41 1
-1.35758 29.685 29.685 2 41 1
-1.35749 29.785 29.785 2 41 1
-1.35741 29.885 29.885 2 41 1
-1.35733 29.985 29.985 2 41 1
-1.35725 30.085 30.085 2 41 1
-1.35717 30.185 30.185 2 41 1
-1.3571 30.285 30.285 2 41 1
-1.35702 30.385 30.385 2 41 1
-1.35694 30.485 30.485 2 41 1
-1.35686 30.585 30.585 2 41 1
-1.35679 30.685 30.685 2 41 1
-1.35671 30.785 30.785 2 41 1
-1.35663 30.885 30.885 2 41 1
-1.35656 30.985 30.985 2 41 1
-1.35648 31.085 31.085 2 41 1
-1.35641 31.185 31.185 2 41 1
-1.35634 31.285 31.285 2 41 1
-1.35626 31.385 31.385 2 41 1
-1.35619 31.485 31.485 2 41 1
-1.35612 31.585 31.585 2 41 1
-1.35605 31.685 31.685 2 41 1
-1.35597 31.785 31.785 2 41 1
-1.3559 31.885 31.885 2 41 1
-1.35583 31.985 31.985 2 41 1
-1.35576 32.085 32.085 2 41 1
-1.35569 32.185 32.185 2 41 1
-1.35562 32.285 32.285 2 41 1
-1.35556 32.385 32.385 2 41 1
-1.35549 32.485 32.485 2 41 1
-1.35542 32.585 32.585 2 41 1
-1.35535 32.685 32.685 2 41 1
-1.35528 32.785 32.785 2 41 1
-1.35522 32.885 32.885 2 41 1
-1.35515 32.985 32.985 2 41 1
-1.35509 33.085 33.085 2 41 1
-1.35502 33.185 33.185 2 41 1
-1.35496 33.285 33.285 2 41 1
-1.35489 33.385 33.385 2 41 1
-1.35483 33.485 33.485 2 41 1
-1.35476 33.585 33.585 2 41 1
-1.3547 33.685 33.685 2 41 1
-1.35464 33.785 33.785 2 41 1
-1.35457 33.885 33.885 2 41 1
-1.35451 33.985 33.985 2 41 1
-1.35445 34.085 34.085 2 41 1
-1.35439 34.185 34.185 2 41 1
-1.35432 34.285 34.285 2 41 1
-1.35426 34.385 34.385 2 41 1
-1.3542 34.485 34.485 2 41 1
-1.35414 34.585 34.585 2 41 1
-1.35408 34.685 34.685 2 41 1
-1.35402 34.785 34.785 2 41 1
-1.35396 34.885 34.885 2 41 1
-1.3539 34.985 34.985 2 41 1
-1.35385 35.085 35.085 2 41 1
-1.35379 35.185 35.185 2 41 1
-1.35373 35.285 35.285 2 41 1
-1.35367 35.385 35.385 2 41 1
-1.35362 35.485 35.485 2 41 1
-1.35356 35.585 35.585 2 41 1
-1.3535 35.685 35.685 2 41 1
-1.35345 35.785 35.785 2 41 1
-1.35339 35.885 35.885 2 41 1
-1.35333 35.985 35.985 2 41 1
-1.35328 36.085 36.085 2 41 1
-1.35322 36.185 36.185 2 41 1
-1.35317 36.285 36.285 2 41 1
-1.35311 36.385 36.385 2 41 1
-1.35306 36.485 36.485 2 41 1
-1.35301 36.585 36.585 2 41 1
-1.35295 36.685 36.685 2 41 1
-1.3529 36.785 36.785 2 41 1
-1.35285 36.885 36.885 2 41 1
-1.35279 36.985 36.985 2 41 1
-1.35274 37.085 37.085 2 41 1
-1.35269 37.185 37.185 2 41 1
-1.35264 37.285 37.285 2 41 1
-1.35258 37.385 37.385 2 41 1
-1.35253 37.485 37.485 2 41 1
-1.35248 37.585 37.585 2 41 1
-1.35243 37.685 37.685 2 41 1
-1.35238 37.785 37.785 2 41 1
-1.35233 37.885 37.885 2 41 1
-1.35228 37.985 37.985 2 41 1
-1.35223 38.085 38.085 2 41 1
-1.35218 38.185 38.185 2 41 1
-1.35213 38.285 38.285 2 41 1
-1.35208 38.385 38.385 2 41 1
-1.35203 38.485 38.485 2 41 1
-1.98668 0.71 0.71 4 88 7
-1.98765 0.710748 0.710748 4 88 7
-1.9891 0.711879 0.711879 4 88 7
-1.99124 0.713596 0.713596 4 88 7
-1.99441 0.716216 0.716216 4 88 7
-1.99905 0.720255 0.720255 4 88 7
-2.00572 0.726575 0.726575 4 88 7
-2.01396 0.735429 0.735429 4 88 7
-2.0215 0.744971 0.744971 4 88 7
-2.02825 0.755312 0.755312 4 88 7
-2.03412 0.76659 0.76659 4 88 7
-2.03898 0.778982 0.778982 4 88 7
-2.04265 0.792716 0.792716 4 88 7
-2.04493 0.808094 0.808094 4 88 7
-2.04557 0.82236 0.82236 4 88 7
-2.04451 0.841899 0.841899 4 88 7
-2.041 0.864727 0.864727 4 88 7
-2.03436 0.891938 0.891938 4 88 7
-2.02366 0.925158 0.925158 4 88 7
-2.00771 0.966697 0.966697 4 88 7
-1.98531 1.01932 1.01932 4 88 7
-1.9564 1.08471 1.08471 4 88 7
-1.92331 1.16096 1.16096 4 88 7
-1.88944 1.24386 1.24386 4 88 7
-1.85693 1.33058 1.33058 4 88 7
-1.82658 1.41991 1.41991 4 88 7
-1.79861 1.51124 1.51124 4 88 7
-1.773 1.60417 1.60417 4 88 7
-1.74962 1.69838 1.69838 4 88 7
-1.72829 1.79362 1.79362 4 88 7
-1.70881 1.88968 1.88968 4 88 7
-1.691 1.98641 1.98641 4 88 7
-1.67468 2.08367 2.08367 4 88 7
-1.6597 2.18137 2.18137 4 88 7
-1.64592 2.27943 2.27943 4 88 7
-1.6332 2.37777 2.37777 4 88 7
-1.63018 2.40239 2.40239 4 88 7
-1.62722 2.42699 2.42699 4 88 7
-1.62649 2.43309 2.43309 4 88 7
-1.62632 2.43453 2.43453 4 88 7
-1.62619 2.43561 2.43561 4 88 7
-1.62617 2.43577 2.43577 4 88 7
-1.62617 2.4358 2.4358 4 88 7
-1.62617 2.4358 2.4358 4 88 7
-1.62617 2.4358 2.4358 4 88 7
-1.62617 2.4358 2.4358 4 88 7
-1.62617 2.4358 2.4358 4 88 7
-1.62617 2.4358 2.4358 4 88 7
-1.62617 2.4358 2.4358 4 88 7
-1.62617 2.4358 2.4358 4 88 7
-1.62617 2.4358 2.4358 4 88 7
-1.62617 2.4358 2.4358 4 88 7
-1.62617 2.4358 2.4358 4 88 7
-1.62617 2.43581 2.43581 4 88 7
-1.62618 2.43582 2.43582 4 88 7
-1.62619 2.43584 2.43584 4 88 7
-1.62621 2.43589 2.43589 4 88 7
-1.62626 2.436 2.436 4 88 7
-1.62638 2.43625 2.43625 4 88 7
-1.62656 2.43664 2.43664 4 88 7
-1.62693 2.43744 2.43744 4 88 7
-1.62749 2.43862 2.43862 4 88 7
-1.62858 2.44096 2.44096 4 88 7
-1.63014 2.44428 2.44428 4 88 7
-1.63224 2.4488 2.4488 4 88 7
-1.63612 2.45716 2.45716 4 88 7
-1.64126 2.46833 2.46833 4 88 7
-1.64782 2.48271 2.48271 4 88 7
-1.65911 2.50783 2.50783 4 88 7
-1.67307 2.53951 2.53951 4 88 7
-1.68972 2.57826 2.57826 4 88 7
-1.7091 2.62471 2.62471 4 88 7
-1.73119 2.67957 2.67957 4 88 7
-1.75601 2.74367 2.74367 4 88 7
-1.7814 2.81217 2.81217 4 88 7
-1.8067 2.88357 2.88357 4 88 7
-1.83175 2.95751 2.95751 4 88 7
-1.8564 3.03369 3.03369 4 88 7
-1.88056 3.11187 3.11187 4 88 7
-1.90414 3.19185 3.19185 4 88 7
-1.92711 3.27345 3.27345 4 88 7
-1.94941 3.35651 3.35651 4 88 7
-1.97101 3.4409 3.4409 4 88 7
-1.99189 3.52649 3.52649 4 88 7
-2.01203 3.61316 3.61316 4 88 7
-2.03141 3.70082 3.70082 4 88 7
-2.05003 3.78938 3.78938 4 88 7
-2.06788 3.87876 3.87876 4 88 7
-2.08496 3.96887 3.96887 4 88 7
-2.10125 4.05966 4.05966 4 88 7
-2.11677 4.15106 4.15106 4 88 7
-2.1315 4.24301 4.24301 4 88 7
-2.14546 4.33548 4.33548 4 88 7
-2.15863 4.42841 4.42841 4 88 7
-2.17102 4.52176 4.52176 4 88 7
-2.18262 4.61549 4.61549 4 88 7
-2.19344 4.70957 4.70957 4 88 7
-2.20348 4.80397 4.80397 4 88 7
-2.21273 4.89865 4.89865 4 88 7
-2.22118 4.99359 4.99359 4 88 7
-2.22883 5.08877 5.08877 4 88 7
-2.23568 5.18415 5.18415 4 88 7
-2.23879 5.23191 5.23191 4 88 7
-2.24028 5.25581 5.25581 4 88 7
-2.24028 5.25581 5.25581 4 88 7
-1.98668 0.71 0.71 4 88 7
-1.9857 0.709256 0.709256 4 88 7
-1.98423 0.708149 0.708149 4 88 7
-1.98199 0.706505 0.706505 4 88 7
-1.97859 0.704079 0.704079 4 88 7
-1.97337 0.700517 0.700517 4 88 7
-1.9704 0.698574 0.698574 4 88 7
-1.96954 0.698021 0.698021 4 88 7
-1.96896 0.697648 0.697648 4 88 7
-1.96824 0.697191 0.697191 4 88 7
-1.96727 0.696574 0.696574 4 88 7
-1.9662 0.695896 0.695896 4 88 7
-1.96495 0.695103 0.695103 4 88 7
-1.96352 0.694195 0.694195 4 88 7
-1.96189 0.693169 0.693169 4 88 7
-1.95939 0.691598 0.691598 4 88 7
-1.95658 0.689845 0.689845 4 88 7
-1.95345 0.687903 0.687903 4 88 7
-1.94871 0.684978 0.684978 4 88 7
-1.94345 0.681762 0.681762 4 88 7
-1.93762 0.678236 0.678236 4 88 7
-1.92882 0.672985 0.672985 4 88 7
-1.91908 0.667271 0.667271 4 88 7
-1.90832 0.661069 0.661069 4 88 7
-1.89208 0.651937 0.651937 4 88 7
-1.87412 0.64213 0.64213 4 88 7
-1.84699 0.627884 0.627884 4 88 7
-1.81695 0.61284 0.61284 4 88 7
-1.77153 0.591441 0.591441 4 88 7
-1.72114 0.569415 0.569415 4 88 7
-1.66529 0.54687 0.54687 4 88 7
-1.60344 0.523919 0.523919 4 88 7
-1.5351 0.500729 0.500729 4 88 7
-1.46641 0.479417 0.479417 4 88 7
-1.39743 0.459779 0.459779 4 88 7
-1.3282 0.441637 0.441637 4 88 7
-1.25878 0.424834 0.424834 4 88 7
-1.18919 0.409234 0.409234 4 88 7
-1.11946 0.394716 0.394716 4 88 7
-1.04961 0.381176 0.381176 4 88 7
-0.979661 0.36852 0.36852 4 88 7
-0.909627 0.356666 0.356666 4 88 7
-0.83952 0.345542 0.345542 4 88 7
-0.769349 0.335084 0.335084 4 88 7
-0.699123 0.325235 0.325235 4 88 7
-0.62885 0.315944 0.315944 4 88 7
-0.558535 0.307165 0.307165 4 88 7
-0.488184 0.298857 0.298857 4 88 7
-0.4178 0.290985 0.290985 4 88 7
-0.347388 0.283514 0.283514 4 88 7
-0.276951 0.276416 0.276416 4 88 7
-0.206491 0.269663 0.269663 4 88 7
-0.136011 0.263231 0.263231 4 88 7
-0.0655138 0.257098 0.257098 4 88 7
0.00499983 0.251242 0.251242 4 88 7
0.0755279 0.245647 0.245647 4 88 7
0.146069 0.240295 0.240295 4 88 7
0.216622 0.235171 0.235171 4 88 7
0.287186 0.23026 0.23026 4 88 7
0.357759 0.22555 0.22555 4 88 7
0.428341 0.221028 0.221028 4 88 7
0.498931 0.216684 0.216684 4 88 7
0.569529 0.212507 0.212507 4 88 7
0.640133 0.208487 0.208487 4 88 7
0.710744 0.204617 0.204617 4 88 7
0.78136 0.200888 0.200888 4 88 7
0.851982 0.197292 0.197292 4 88 7
0.922609 0.193822 0.193822 4 88 7
0.99324 0.190472 0.190472 4 88 7
1.06387 0.187236 0.187236 4 88 7
1.13451 0.184108 0.184108 4 88 7
1.20516 0.181082 0.181082 4 88 7
1.2758 0.178155 0.178155 4 88 7
1.34645 0.17532 0.17532 4 88 7
1.4171 0.172574 0.172574 4 88 7
1.48776 0.169913 0.169913 4 88 7
1.55842 0.167332 0.167332 4 88 7
1.62908 0.164829 0.164829 4 88 7
1.69974 0.1624 0.1624 4 88 7
1.7704 0.160041 0.160041 4 88 7
1.84107 0.157749 0.157749 4 88 7
1.91173 0.155522 0.155522 4 88 7
1.9824 0.153358 0.153358 4 88 7
2.05307 0.151252 0.151252 4 88 7
2.12375 0.149204 0.149204 4 88 7
2.19442 0.14721 0.14721 4 88 7
2.2651 0.145269 0.145269 4 88 7
2.33577 0.143379 0.143379 4 88 7
2.40645 0.141536 0.141536 4 88 7
2.47713 0.139741 0.139741 4 88 7
2.54781 0.137991 0.137991 4 88 7
2.61849 0.136284 0.136284 4 88 7
2.68918 0.134618 0.134618 4 88 7
2.75986 0.132993 0.132993 4 88 7
2.83054 0.131407 0.131407 4 88 7
2.90123 0.129858 0.129858 4 88 7
2.97191 0.128345 0.128345 4 88 7
3.0426 0.126867 0.126867 4 88 7
3.11329 0.125423 0.125423 4 88 7
3.18398 0.124011 0.124011 4 88 7
3.25466 0.12263 0.12263 4 88 7
3.32535 0.12128 0.12128 4 88 7
3.39604 0.119959 0.119959 4 88 7
3.46673 0.118667 0.118667 4 88 7
3.53743 0.117403 0.117403 4 88 7
3.60812 0.116164 0.116164 4 88 7
3.67881 0.114952 0.114952 4 88 7
3.7495 0.113765 0.113765 4 88 7
3.8202 0.112602 0.112602 4 88 7
3.89089 0.111463 0.111463 4 88 7
3.96158 0.110346 0.110346 4 88 7
4.03228 0.109252 0.109252 4 88 7
4.10297 0.108179 0.108179 4 88 7
4.17367 0.107127 0.107127 4 88 7
4.24437 0.106095 0.106095 4 88 7
4.31506 0.105083 0.105083 4 88 7
4.38576 0.10409 0.10409 4 88 7
4.45645 0.103116 0.103116 4 88 7
4.52715 0.10216 0.10216 4 88 7
4.59785 0.101221 0.101221 4 88 7
4.66855 0.100299 0.100299 4 88 7
4.73925 0.0993943 0.0993943 4 88 7
4.80994 0.0985055 0.0985055 4 88 7
4.88064 0.0976325 0.0976325 4 88 7
4.95134 0.0967748 0.0967748 4 88 7
5.02204 0.095932 0.095932 4 88 7
5.09274 0.0951038 0.0951038 4 88 7
5.16344 0.0942897 0.0942897 4 88 7
5.23414 0.0934895 0.0934895 4 88 7
5.30484 0.0927027 0.0927027 4 88 7
5.37554 0.0919291 0.0919291 4 88 7
5.44624 0.0911683 0.0911683 4 88 7
5.51694 0.0904199 0.0904199 4 88 7
5.58764 0.0896838 0.0896838 4 88 7
5.65834 0.0889595 0.0889595 4 88 7
5.72905 0.0882468 0.0882468 4 88 7
5.79975 0.0875455 0.0875455 4 88 7
5.87045 0.0868552 0.0868552 4 88 7
5.94115 0.0861758 0.0861758 4 88 7
6.01185 0.0855068 0.0855068 4 88 7
6.08256 0.0848482 0.0848482 4 88 7
6.15326 0.0841997 0.0841997 4 88 7
6.22396 0.083561 0.083561 4 88 7
6.29466 0.0829319 0.0829319 4 88 7
6.36537 0.0823122 0.0823122 4 88 7
6.43607 0.0817017 0.0817017 4 88 7
6.50677 0.0811002 0.0811002 4 88 7
6.57747 0.0805074 0.0805074 4 88 7
6.64818 0.0799233 0.0799233 4 88 7
6.71888 0.0793476 0.0793476 4 88 7
6.78959 0.0787801 0.0787801 4 88 7
6.86029 0.0782207 0.0782207 4 88 7
6.93099 0.0776692 0.0776692 4 88 7
7.0017 0.0771254 0.0771254 4 88 7
7.0724 0.0765892 0.0765892 4 88 7
7.14311 0.0760603 0.0760603 4 88 7
7.21381 0.0755388 0.0755388 4 88 7
7.28451 0.0750243 0.0750243 4 88 7
7.35522 0.0745168 0.0745168 4 88 7
7.42592 0.0740161 0.0740161 4 88 7
7.49663 0.0735221 0.0735221 4 88 7
7.56733 0.0730346 0.0730346 4 88 7
7.63804 0.0725536 0.0725536 4 88 7
7.70874 0.0720788 0.0720788 4 88 7
7.77945 0.0716103 0.0716103 4 88 7
7.85015 0.0711477 0.0711477 4 88 7
7.92086 0.0706912 0.0706912 4 88 7
7.99156 0.0702404 0.0702404 4 88 7
8.06227 0.0697954 0.0697954 4 88 7
8.13297 0.0693559 0.0693559 4 88 7
8.20368 0.068922 0.068922 4 88 7
8.27439 0.0684934 0.0684934 4 88 7
8.34509 0.0680702 0.0680702 4 88 7
8.4158 0.0676521 0.0676521 4 88 7
8.4865 0.0672392 0.0672392 4 88 7
8.55721 0.0668312 0.0668312 4 88 7
8.62791 0.0664282 0.0664282 4 88 7
8.69862 0.06603 0.06603 4 88 7
8.76933 0.0656366 0.0656366 4 88 7
8.84003 0.0652478 0.0652478 4 88 7
8.91074 0.0648636 0.0648636 4 88 7
8.98145 0.0644839 0.0644839 4 88 7
9.05215 0.0641086 0.0641086 4 88 7
9.12286 0.0637377 0.0637377 4 88 7
9.19356 0.063371 0.063371 4 88 7
9.26427 0.0630085 0.0630085 4 88 7
9.33498 0.0626502 0.0626502 4 88 7
9.40568 0.0622959 0.0622959 4 88 7
9.47639 0.0619455 0.0619455 4 88 7
9.5471 0.0615991 0.0615991 4 88 7
9.6178 0.0612566 0.0612566 4 88 7
9.68851 0.0609178 0.0609178 4 88 7
9.75922 0.0605828 0.0605828 4 88 7
9.82993 0.0602514 0.0602514 4 88 7
9.90063 0.0599237 0.0599237 4 88 7
9.97134 0.0595995 0.0595995 4 88 7
10.042 0.0592787 0.0592787 4 88 7
10.1128 0.0589614 0.0589614 4 88 7
10.1835 0.0586475 0.0586475 4 88 7
10.2542 0.0583369 0.0583369 4 88 7
10.3249 0.0580296 0.0580296 4 88 7
10.3956 0.0577255 0.0577255 4 88 7
10.4663 0.0574246 0.0574246 4 88 7
10.537 0.0571268 0.0571268 4 88 7
10.6077 0.0568321 0.0568321 4 88 7
10.6784 0.0565404 0.0565404 4 88 7
10.7491 0.0562516 0.0562516 4 88 7
10.8198 0.0559658 0.0559658 4 88 7
10.8905 0.0556829 0.0556829 4 88 7
10.9612 0.0554029 0.0554029 4 88 7
11.0319 0.0551256 0.0551256 4 88 7
11.1027 0.0548511 0.0548511 4 88 7
11.1734 0.0545794 0.0545794 4 88 7
11.2441 0.0543103 0.0543103 4 88 7
11.3148 0.0540438 0.0540438 4 88 7
11.3855 0.05378 0.05378 4 88 7
11.4562 0.0535187 0.0535187 4 88 7
11.5269 0.0532599 0.0532599 4 88 7
11.5976 0.0530036 0.0530036 4 88 7
11.6683 0.0527498 0.0527498 4 88 7
11.739 0.0524984 0.0524984 4 88 7
11.8097 0.0522494 0.0522494 4 88 7
11.8804 0.0520027 0.0520027 4 88 7
11.9512 0.0517584 0.0517584 4 88 7
12.0219 0.0515163 0.0515163 4 88 7
12.0926 0.0512765 0.0512765 4 88 7
12.1633 0.051039 0.051039 4 88 7
12.234 0.0508036 0.0508036 4 88 7
12.3047 0.0505703 0.0505703 4 88 7
12.3754 0.0503392 0.0503392 4 88 7
12.4461 0.0501102 0.0501102 4 88 7
12.5168 0.0498833 0.0498833 4 88 7
12.5875 0.0496585 0.0496585 4 88 7
12.6582 0.0494356 0.0494356 4 88 7
12.7289 0.0492147 0.0492147 4 88 7
12.7996 0.0489958 0.0489958 4 88 7
12.8704 0.0487789 0.0487789 4 88 7
12.9411 0.0485638 0.0485638 4 88 7
13.0118 0.0483507 0.0483507 4 88 7
13.0825 0.0481394 0.0481394 4 88 7
13.1532 0.0479299 0.0479299 4 88 7
13.2239 0.0477223 0.0477223 4 88 7
13.2946 0.0475164 0.0475164 4 88 7
13.3653 0.0473123 0.0473123 4 88 7
13.436 0.04711 0.04711 4 88 7
13.5067 0.0469094 0.0469094 4 88 7
13.5774 0.0467104 0.0467104 4 88 7
13.6482 0.0465132 0.0465132 4 88 7
13.7189 0.0463176 0.0463176 4 88 7
13.7896 0.0461237 0.0461237 4 88 7
13.8603 0.0459314 0.0459314 4 88 7
13.931 0.0457407 0.0457407 4 88 7
14.0017 0.0455515 0.0455515 4 88 7
14.0724 0.0453639 0.0453639 4 88 7
14.1431 0.0451779 0.0451779 4 88 7
14.2138 0.0449933 0.0449933 4 88 7
14.2845 0.0448103 0.0448103 4 88 7
14.3552 0.0446288 0.0446288 4 88 7
14.4259 0.0444487 0.0444487 4 88 7
14.4967 0.0442701 0.0442701 4 88 7
14.5674 0.0440929 0.0440929 4 88 7
14.6381 0.0439171 0.0439171 4 88 7
14.7088 0.0437427 0.0437427 4 88 7
14.7795 0.0435697 0.0435697 4 88 7
14.8502 0.043398 0.043398 4 88 7
14.9209 0.0432277 0.0432277 4 88 7
14.9916 0.0430587 0.0430587 4 88 7
15.0623 0.0428911 0.0428911 4 88 7
15.133 0.0427247 0.0427247 4 88 7
15.2037 0.0425596 0.0425596 4 88 7
15.2745 0.0423958 0.0423958 4 88 7
15.3452 0.0422333 0.0422333 4 88 7
15.4159 0.042072 0.042072 4 88 7
15.4866 0.0419119 0.0419119 4 88 7
15.5573 0.0417531 0.0417531 4 88 7
15.628 0.0415954 0.0415954 4 88 7
15.6987 0.0414389 0.0414389 4 88 7
15.7694 0.0412836 0.0412836 4 88 7
15.8401 0.0411295 0.0411295 4 88 7
15.9108 0.0409765 0.0409765 4 88 7
15.9815 0.0408246 0.0408246 4 88 7
16.0523 0.0406739 0.0406739 4 88 7
16.123 0.0405242 0.0405242 4 88 7
16.1937 0.0403757 0.0403757 4 88 7
16.2644 0.0402283 0.0402283 4 88 7
16.3351 0.0400819 0.0400819 4 88 7
16.4058 0.0399366 0.0399366 4 88 7
16.4765 0.0397923 0.0397923 4 88 7
16.5472 0.0396491 0.0396491 4 88 7
16.6179 0.0395069 0.0395069 4 88 7
16.6886 0.0393657 0.0393657 4 88 7
16.7593 0.0392255 0.0392255 4 88 7
16.8301 0.0390863 0.0390863 4 88 7
16.9008 0.0389481 0.0389481 4 88 7
16.9715 0.0388109 0.0388109 4 88 7
17.0422 0.0386747 0.0386747 4 88 7
17.1129 0.0385393 0.0385393 4 88 7
17.1836 0.038405 0.038405 4 88 7
17.2543 0.0382715 0.0382715 4 88 7
17.325 0.038139 0.038139 4 88 7
17.3957 0.0380074 0.0380074 4 88 7
17.4664 0.0378768 0.0378768 4 88 7
17.5371 0.037747 0.037747 4 88 7
17.6079 0.0376181 0.0376181 4 88 7
17.6786 0.03749 0.03749 4 88 7
17.7493 0.0373629 0.0373629 4 88 7
17.82 0.0372366 0.0372366 4 88 7
17.8907 0.0371111 0.0371111 4 88 7
17.9614 0.0369865 0.0369865 4 88 7
18.0321 0.0368628 0.0368628 4 88 7
18.1028 0.0367398 0.0367398 4 88 7
18.1735 0.0366177 0.0366177 4 88 7
18.2442 0.0364964 0.0364964 4 88 7
18.3149 0.0363758 0.0363758 4 88 7
18.3857 0.0362561 0.0362561 4 88 7
18.4564 0.0361372 0.0361372 4 88 7
18.5271 0.036019 0.036019 4 88 7
18.5978 0.0359016 0.0359016 4 88 7
18.6685 0.035785 0.035785 4 88 7
18.7392 0.0356691 0.0356691 4 88 7
18.8099 0.035554 0.035554 4 88 7
18.8806 0.0354396 0.0354396 4 88 7
18.9513 0.035326 0.035326 4 88 7
19.022 0.035213 0.035213 4 88 7
19.0928 0.0351008 0.0351008 4 88 7
19.1635 0.0349893 0.0349893 4 88 7
19.2342 0.0348785 0.0348785 4 88 7
19.3049 0.0347685 0.0347685 4 88 7
19.3756 0.0346591 0.0346591 4 88 7
19.4463 0.0345504 0.0345504 4 88 7
19.517 0.0344423 0.0344423 4 88 7
19.5877 0.034335 0.034335 4 88 7
19.6584 0.0342283 0.0342283 4 88 7
19.7291 0.0341223 0.0341223 4 88 7
19.7998 0.0340169 0.0340169 4 88 7
19.8706 0.0339122 0.0339122 4 88 7
19.9413 0.0338081 0.0338081 4 88 7
20.012 0.0337046 0.0337046 4 88 7
20.0827 0.0336018 0.0336018 4 88 7
20.1534 0.0334996 0.0334996 4 88 7
20.2241 0.0333981 0.0333981 4 88 7
20.2948 0.0332971 0.0332971 4 88 7
20.3655 0.0331968 0.0331968 4 88 7
20.4362 0.033097 0.033097 4 88 7
20.5069 0.0329979 0.0329979 4 88 7
20.5777 0.0328993 0.0328993 4 88 7
20.6484 0.0328014 0.0328014 4 88 7
20.7191 0.032704 0.032704 4 88 7
20.7898 0.0326072 0.0326072 4 88 7
20.8605 0.0325109 0.0325109 4 88 7
20.9312 0.0324153 0.0324153 4 88 7
21.0019 0.0323202 0.0323202 4 88 7
21.0726 0.0322256 0.0322256 4 88 7
21.1433 0.0321316 0.0321316 4 88 7
21.214 0.0320382 0.0320382 4 88 7
21.2848 0.0319453 0.0319453 4 88 7
21.3555 0.0318529 0.0318529 4 88 7
21.4262 0.031761 0.031761 4 88 7
21.4969 0.0316697 0.0316697 4 88 7
21.5676 0.0315789 0.0315789 4 88 7
21.6383 0.0314887 0.0314887 4 88 7
21.709 0.0313989 0.0313989 4 88 7
21.7797 0.0313097 0.0313097 4 88 7
21.8504 0.0312209 0.0312209 4 88 7
21.9211 0.0311327 0.0311327 4 88 7
21.9919 0.031045 0.031045 4 88 7
22.0626 0.0309577 0.0309577 4 88 7
22.1333 0.0308709 0.0308709 4 88 7
22.204 0.0307847 0.0307847 4 88 7
22.2747 0.0306989 0.0306989 4 88 7
22.3454 0.0306136 0.0306136 4 88 7
22.4161 0.0305287 0.0305287 4 88 7
22.4868 0.0304443 0.0304443 4 88 7
22.5575 0.0303604 0.0303604 4 88 7
22.6282 0.030277 0.030277 4 88 7
22.6989 0.030194 0.030194 4 88 7
22.7697 0.0301115 0.0301115 4 88 7
22.8404 0.0300294 0.0300294 4 88 7
22.9111 0.0299477 0.0299477 4 88 7
22.9818 0.0298665 0.0298665 4 88 7
23.0525 0.0297858 0.0297858 4 88 7
23.1232 0.0297055 0.0297055 4 88 7
23.1939 0.0296256 0.0296256 4 88 7
23.2646 0.0295461 0.0295461 4 88 7
23.3353 0.0294671 0.0294671 4 88 7
23.406 0.0293885 0.0293885 4 88 7
23.4768 0.0293103 0.0293103 4 88 7
23.5475 0.0292325 0.0292325 4 88 7
23.6182 0.0291551 0.0291551 4 88 7
23.6889 0.0290781 0.0290781 4 88 7
23.7596 0.0290016 0.0290016 4 88 7
23.8303 0.0289254 0.0289254 4 88 7
23.901 0.0288497 0.0288497 4 88 7
23.9717 0.0287743 0.0287743 4 88 7
24.0424 0.0286994 0.0286994 4 88 7
24.1131 0.0286248 0.0286248 4 88 7
24.1839 0.0285506 0.0285506 4 88 7
24.2546 0.0284768 0.0284768 4 88 7
24.3253 0.0284034 0.0284034 4 88 7
24.396 0.0283303 0.0283303 4 88 7
